6
-110 149
-239 -22
-69 -173
227 -131
251 81
-101 164
6
-63 114
-179 -23
-40 -137
201 -96
223 62
-59 119
5
-28 31
-26 -79
143 -54
141 67
-10 33
6
-209 102
-33 -89
231 58
-271 116
-41 -0
-159 -104
6
-226 127
-98 170
269 -35
-103 -172
-269 -61
-250 59
11
-240 122
-240 140
-240 112
-240 100
-240 115
-240 101
-240 124
-240 146
-240 118
-240 105
-240 122
4
-182 83
48 165
94 -31
-160 -90
16
18 105
105 21
180 -108
48 -154
-151 -175
-244 -57
58 171
161 69
-31 -110
-94 129
31 60
-237 -89
-38 -42
-120 -129
8 -79
55 -127
